output/NoRefTest/wgs/24098_S67_L001_R1_001.wg	0.8083081818046655	1.0	0.07044410413476264	0.5754189944134078	0.4245810055865922	0.0	0.5096106968454536	0.4245810055865922	0.06580829756795423	
output/NoRefTest/wgs/24098_S67_L001_R2_001.wg	0.6897299704207882	1.0	0.06364301389904901	0.6149732620320856	0.3850267379679144	0.0	0.6149732620320856	0.3251917998661263	0.05983493810178814	
output/NoRefTest/wgs/2Sal817_S6_L001_R1_001.wg	0.20030349013657056	1.0	0.0	0.8331226295828066	0.16687737041719342	0.0	0.8331226295828066	0.16687737041719342	0.0	
output/NoRefTest/wgs/2Sal817_S6_L001_R2_001.wg	0.19102466540265622	1.0	0.02025963808025177	0.85414235705951	0.14585764294048997	0.0011207955060391925	0.8541423570595099	0.12600030729368075	0.019857335646809332	
output/NoRefTest/wgs/54696980_S12_L001_R1_001.wg	0.9624344576790229	1.0	0.04463554463554464	0.5214311016648955	0.4785688983351045	0.0	0.5214311016648956	0.4358405565083699	0.042728341826734614	
output/NoRefTest/wgs/54696980_S12_L001_R2_001.wg	1.0628688216679287	1.0	0.06360142240052963	0.5	0.5	0.017139359314425628	0.4998167827042873	0.4557840319596639	0.04439918533604881	
output/NoRefTest/wgs/54754002_S19_L001_R1_001.wg	1.0646041769149934	1.0	0.12063134160090191	0.514410480349345	0.485589519650655	0.0	0.485589519650655	0.40676460509783596	0.10764587525150905	
output/NoRefTest/wgs/54754002_S19_L001_R2_001.wg	1.1202156182601937	1.0	0.1279398438051112	0.501947209000436	0.498052790999564	0.01766381766381766	0.4980527909995673	0.40259623546074225	0.09935097353969047	
output/NoRefTest/wgs/54894058_S21_L001_R1_001.wg	0.2844444444444445	1.0	0.0	0.7785467128027681	0.2214532871972319	0.0	0.7785467128027682	0.2214532871972318	0.0	
output/NoRefTest/wgs/54894058_S21_L001_R2_001.wg	0.4010695187165775	1.0	0.0	0.7137404580152672	0.2862595419847328	0.0	0.7137404580152672	0.2862595419847328	0.0	
output/NoRefTest/wgs/54933952_S22_L001_R1_001.wg	25.558395550289582	1.0	2.711910326436986	0.6843544857767978	0.3156455142232022	1.7431421247986472	0.35581663468141744	0.3351325926916512	0.30905077262693137	
output/NoRefTest/wgs/54933952_S22_L001_R2_001.wg	26.966328447753703	1.0	2.6308533101338276	0.6735537190082646	0.32644628099173545	1.7861668676099425	0.35915492957746475	0.33370221327967814	0.30714285714285716	
output/NoRefTest/wgs/55005928_S27_L001_R1_001.wg	0.2461005199306759	1.0	0.0	0.8025034770514604	0.1974965229485396	0.0	0.8025034770514603	0.09874826147426981	0.09874826147426981	
output/NoRefTest/wgs/55005928_S27_L001_R2_001.wg	0.2839506172839506	1.0	0.0	0.7788461538461539	0.22115384615384615	0.0	0.7788461538461539	0.22115384615384615	0.0	
output/NoRefTest/wgs/55327185_S29_L001_R1_001.wg	0.37691653306400197	1.0	0.037102825272785425	0.8873960332693538	0.11260396673064621	0.02975183835043281	0.8873960332693538	0.10939907550077041	0.0032048912298757726	
output/NoRefTest/wgs/55327185_S29_L001_R2_001.wg	0.3983427255612344	1.0	0.037637407253979314	0.8910563121089436	0.10894368789105635	0.02384373062346272	0.8764702987151551	0.10897203051216854	0.01455767077267637	
output/NoRefTest/wgs/55426133_S30_L001_R1_001.wg	0.4098185699039487	1.0	0.0	0.7093111279333837	0.2906888720666163	0.0	0.7093111279333837	0.2906888720666163	0.0	
output/NoRefTest/wgs/55426133_S30_L001_R2_001.wg	0.476217546577048	1.0	0.01992287917737789	0.6866742166855417	0.31332578331445826	0.0005361708379764602	0.6866742166855417	0.2937920719092913	0.019533711405166982	
output/NoRefTest/wgs/A2208_S49_L001_R1_001.wg	1.0	1.0	0.006802721088435392	0.5887096774193549	0.41129032258064513	0.0068027210884353045	0.4112903225806451	0.29435483870967744	0.29435483870967744	
output/NoRefTest/wgs/A2208_S49_L001_R2_001.wg	1.0	1.0	0.015810276679841806	0.51875	0.48124999999999996	0.015810276679841903	0.51875	0.24062499999999995	0.24062499999999995	
output/NoRefTest/wgs/B1992_S80_L001_R1_001.wg	1.2820413279597114	1.0	0.300877893056664	0.5047539149888143	0.4952460850111857	0.0	0.4952460850111858	0.273465571430532	0.23128834355828223	
output/NoRefTest/wgs/B1992_S80_L001_R2_001.wg	1.2116097330909137	1.0	0.27385522465577716	0.5160612428700091	0.4839387571299909	0.019645120405576682	0.5160612428700091	0.281253335135106	0.20268542199488493	
output/NoRefTest/wgs/B2001_S79_L001_R1_001.wg	0.448248407643312	1.0	0.0	0.6904892798240791	0.30951072017592085	0.0	0.6669793621013134	0.30951072017592074	0.023509917722765866	
output/NoRefTest/wgs/B2001_S79_L001_R2_001.wg	0.5357189484303602	1.0	0.0218978102189781	0.6605800214822771	0.3394199785177229	0.000888517139069497	0.6391514500537057	0.3394199785177229	0.02142857142857143	
output/NoRefTest/wgs/D2519_S77_L001_R1_001.wg	0.29193664506839456	1.0	0.0	0.7740317637224853	0.22596823627751472	0.0	0.41160027952480793	0.3624314841976775	0.22596823627751458	
output/NoRefTest/wgs/D2519_S77_L001_R2_001.wg	0.32705074202026924	1.0	0.01821192052980132	0.7640360169491526	0.23596398305084743	0.000822028316577798	0.7640360169491526	0.21807780418905892	0.017886178861788504	
output/NoRefTest/wgs/D2534_S83_L001_R1_001.wg	1.0687707241630213	1.0	0.3759164005861749	0.5936443542934415	0.40635564570655847	0.12403947911840708	0.40635564570655847	0.38715597200497154	0.20648838228846997	
output/NoRefTest/wgs/D2534_S83_L001_R2_001.wg	1.0256993889088286	1.0	0.327715840109134	0.6341948310139165	0.3658051689860835	0.11995075816900866	0.6341948310139165	0.3041038181281062	0.061701350857977365	
output/NoRefTest/wgs/D6890_S92_L001_R1_001.wg	0.4413837832784414	1.0	0.05108758208118845	0.7044310171198388	0.2955689828801612	0.029289216958572672	0.7044310171198388	0.2742356495468279	0.021333333333333333	
output/NoRefTest/wgs/D6890_S92_L001_R2_001.wg	0.44654590372873904	1.0	0.07458204697626171	0.7018114259173247	0.2981885740826753	0.05292032590801252	0.7018114259173247	0.27698613434988417	0.02120243973279117	
output/NoRefTest/wgs/DAB916_S5_L001_R1_001.wg	1.8092144137509678	1.0	1.0424679712458855	0.8089148702959444	0.19108512970405556	0.5789798539820511	0.7801527505444563	0.19108455570901356	0.028762693746530055	
output/NoRefTest/wgs/DAB916_S5_L001_R2_001.wg	1.7918786838273204	1.0	1.028861816966478	0.8110320284697509	0.18896797153024913	0.5685105460240928	0.7832106239375418	0.18896797153025155	0.027821404532196545	
output/NoRefTest/wgs/E1250_S84_L001_R1_001.wg	0.5307236061684459	1.0	0.0	0.6532858028518289	0.3467141971481711	0.0	0.3467141971481712	0.3333333333333333	0.3199524695184955	
output/NoRefTest/wgs/E1250_S84_L001_R2_001.wg	0.6134342303196114	1.0	0.0178335535006605	0.6267232237539766	0.3732767762460234	0.0023820542015486343	0.6092021335528086	0.37327677624602335	0.01752109020116807	
output/NoRefTest/wgs/E1829_S81_L001_R2_001.wg	0.11972168219837148	1.0	0.03067155027225011	0.9182313749242883	0.0817686250757117	0.005753729641465139	0.9182313749242882	0.06528040237763892	0.016488222698072888	
output/NoRefTest/wgs/E2081_S71_L001_R1_001.wg	0.45916955017301037	1.0	0.0	0.6853213184728479	0.31467868152715206	0.0	0.3706426369456961	0.31467868152715195	0.31467868152715195	
output/NoRefTest/wgs/E2081_S71_L001_R2_001.wg	0.4839693361540548	1.0	0.06041816476071339	0.7024686011260286	0.2975313988739714	0.019742800217351926	0.7024686011260286	0.25844585315125757	0.03908554572271386	
output/NoRefTest/wgs/G0135_S87_L001_R1_001.wg	0.5092592592592592	1.0	0.0	0.6625766871165644	0.33742331288343563	0.0	0.6625766871165644	0.33742331288343563	0.0	
output/NoRefTest/wgs/G0135_S87_L001_R2_001.wg	0.6908127208480564	1.0	0.0	0.5914315569487983	0.40856844305120166	0.0	0.4085684430512017	0.29571577847439917	0.29571577847439917	
output/NoRefTest/wgs/JC816_S7_L001_R1_001.wg	0.39713299973129307	1.0	0.0993052391590303	0.9058988764044944	0.0941011235955056	0.010923135852911124	0.7382342057458118	0.16766467065868265	0.09410112359550561	
output/NoRefTest/wgs/JC816_S7_L001_R2_001.wg	0.3726759798780688	1.0	0.09650542679841617	0.9172821270310192	0.08271787296898081	0.001405015094717177	0.8376237623762376	0.08271787296898084	0.07965836465478157	
output/NoRefTest/wgs/STV916_S1_L001_R1_001.wg	0.1636029411764706	1.0	0.0	0.8593996840442338	0.14060031595576616	0.0	0.8593996840442338	0.14060031595576616	0.0	
output/NoRefTest/wgs/STV916_S1_L001_R2_001.wg	0.16495122726855407	1.0	0.021439776886874668	0.8744993324432577	0.12550066755674227	0.0009470317916745059	0.8744993324432577	0.1045109064645921	0.02098976109215017	
output/NoRefTest/wgs/SW910_S3_L001_R1_001.wg	0.9545454545454548	1.0	0.0	0.5116279069767441	0.4883720930232559	0.0	0.5116279069767442	0.2441860465116279	0.2441860465116279	
output/NoRefTest/wgs/SW910_S3_L001_R2_001.wg	0.9577687722233841	1.0	0.015268772223384231	0.5148005148005148	0.4851994851994852	0.00016557298623151822	0.5148005148005148	0.4701603422246191	0.01503914297486609	
